SampleID	Phenotype	CYTscore	ImmuneScore	StromalScore	EstimateScore	Purity	qaunTIseq_CD8T	quanTIseq_Treg	quanTIseq_other
SAM0257bbbbd388	excluded	167	170	118	57	198	81	66	48
SAM025b45c27e05	desert	64	215	139	125	73	1	180	106
SAM032c642382a7	inflamed	209	115	61	100	95	90	192	76
SAM0571f17f4045	excluded	236	164	126	183	20	98	242	1
SAM075e037d95bc	excluded	32	15	30	24	231	1	61	204
SAM07a93a28f801	excluded	23	175	117	207	152	1	75	131
SAM0a7c2091dd56	excluded	94	240	178	86	108	39	148	129
SAM0d855cff64e6	desert	84	176	124	51	194	1	22	169
SAM0f956e757453	excluded	88	231	240	118	80	1	73	40
SAM110501d0eedb	desert	89	204	77	168	160	1	146	85
SAM12502d970c10	inflamed	115	199	53	216	146	1	103	95
SAM14938611a2d3	desert	113	194	93	224	171	19	102	41
SAM14df63a65411	excluded	67	160	100	49	192	1	120	184
SAM166a419a4e5a	excluded	222	72	150	178	25	131	225	17
SAM17c45bf16bb6	excluded	33	11	26	20	227	4	94	197
SAM181b638b8248	excluded	185	132	227	179	24	136	216	213
SAM18a4dabbc557	excluded	201	51	112	203	155	101	118	155
SAM18b9351e265a	inflamed	195	121	230	171	32	78	220	1
SAM18be5b395318	excluded	72	191	69	163	161	38	152	162
SAM19fec8f3b3bd	excluded	75	243	175	85	109	1	159	66
SAM1a87df750b9d	excluded	162	37	48	238	127	89	82	64
SAM1ab1b28d9f2b	desert	78	238	51	11	182	22	17	102
SAM1abf01dd4544	excluded	137	80	155	106	89	61	177	52
SAM1ac4e3dee297	excluded	9	19	27	27	234	1	34	203
SAM1bcc62d8290c	excluded	79	23	39	39	242	106	109	91
SAM1c8b086175ca	excluded	151	214	145	132	66	58	92	148
SAM1dda30f1c5be	desert	117	52	146	159	41	10	208	74
SAM1e9c4d1d39ae	inflamed	182	173	17	66	206	96	194	101
SAM1f3c93814cb9	excluded	132	68	210	129	69	1	106	83
SAM1f66db567eb5	inflamed	179	100	216	153	47	82	179	43
SAM1f83ebd6be9b	desert	35	189	2	72	211	1	10	179
SAM1fa6bcb7fc48	inflamed	133	188	104	63	178	20	89	113
SAM203dcf14f927	inflamed	143	124	122	126	72	105	245	212
SAM2070b416069c	excluded	93	234	125	55	177	1	222	117
SAM23095936e611	desert	18	34	114	67	207	1	119	178
SAM23aa15d4a0b0	excluded	54	218	90	236	129	1	78	112
SAM25510f300d79	desert	27	140	62	54	176	1	13	183
SAM2570ff4aae6e	inflamed	219	103	131	173	30	128	202	68
SAM26104d5adc89	excluded	46	166	165	220	143	1	87	105
SAM2624229effe8	excluded	119	239	136	134	64	137	210	57
SAM27299aed7681	excluded	63	33	10	9	219	7	30	186
SAM28687037e4ff	inflamed	145	116	241	175	28	1	207	31
SAM29da928587ad	desert	68	219	65	219	144	1	157	86
SAM2b672f4336c7	desert	97	221	47	231	134	28	85	32
SAM2bba8cb35e48	excluded	135	217	243	110	85	115	117	81
SAM2c9586161ce6	desert	17	14	34	25	232	1	7	201
SAM2e7aa8fa0ab3	excluded	134	200	70	195	157	1	124	141
SAM2eb07dedf07f	inflamed	212	152	143	202	6	125	204	8
SAM2f228939632f	excluded	128	46	223	120	78	34	196	89
SAM31291c256373	inflamed	168	237	187	93	102	62	95	58
SAM31d9176e11fb	inflamed	199	50	89	226	138	53	37	127
SAM36851bc8b9ae	excluded	116	242	103	196	156	48	167	75
SAM36a9225b0222	inflamed	232	143	149	201	7	14	236	1
SAM36d87392593b	excluded	105	216	54	222	141	1	112	134
SAM3b1066e5801b	excluded	187	155	191	187	16	140	99	5
SAM3b15b4c6311d	inflamed	239	43	86	223	140	104	144	78
SAM3cb94b0d5297	excluded	172	105	160	123	75	37	195	51
SAM3e04eb914f3d	excluded	220	119	209	161	39	95	133	53
SAM3e8baff50d7a	desert	55	183	1	52	195	1	74	126
SAM3f446449bf81	inflamed	140	48	78	232	133	99	174	20
SAM415f36ad349e	excluded	74	79	197	124	74	1	116	24
SAM4305ab968b90	desert	3	26	44	41	244	1	16	199
SAM4501e41e4751	excluded	169	86	171	117	81	111	203	1
SAM45c8e6412c66	inflamed	215	87	161	101	94	122	113	88
SAM47fc46c3d6be	inflamed	226	141	225	185	18	43	240	1
SAM49d48750e294	excluded	108	186	215	81	112	1	86	93
SAM49f9b2e57aa5	excluded	36	154	110	53	196	1	79	139
SAM4caabd64e7fd	excluded	92	77	128	65	205	1	50	161
SAM4edbe45817b3	inflamed	221	91	43	92	103	25	160	67
SAM5234688806a7	desert	37	1	8	5	215	1	25	188
SAM52500cabdd36	excluded	81	36	105	61	202	31	48	124
SAM548551ef782c	desert	39	9	121	6	216	1	41	171
SAM560f23d6a3ad	inflamed	242	157	123	154	46	110	227	1
SAM572f19794c96	excluded	109	244	116	242	124	42	14	128
SAM58e7832f4e7d	desert	4	17	19	23	230	1	29	175
SAM59289ca42c99	excluded	152	122	203	158	42	36	123	56
SAM5a2347c0498a	desert	29	49	31	15	223	1	45	125
SAM5cc2d9036053	desert	80	203	244	108	87	1	80	172
SAM5d989c86255e	desert	59	211	192	80	113	1	90	152
SAM5e3bae090b8c	excluded	123	225	59	227	137	1	96	158
SAM5fc9ae0aed1f	inflamed	224	120	182	144	54	112	232	2
SAM5fe7a81a39dd	inflamed	217	67	33	76	117	9	241	49
SAM6157c8f38b72	desert	138	54	237	136	62	70	183	59
SAM61b9d4d84c64	inflamed	107	209	129	43	187	26	184	104
SAM63b2189c36d7	desert	26	10	120	69	209	1	33	130
SAM65afda25b920	excluded	173	137	154	208	4	12	198	7
SAM6662f5181f87	inflamed	102	44	188	99	96	1	64	69
SAM670649e105b5	excluded	141	45	181	95	100	45	169	116
SAM675a12a09c15	desert	38	139	162	213	149	1	135	151
SAM6780ed436b55	inflamed	206	42	40	241	125	92	200	71
SAM6792d6e98068	desert	8	13	28	22	229	1	44	154
SAM681e4bf7cf85	excluded	87	180	195	225	139	6	77	156
SAM698d8d76b934	excluded	53	196	58	229	136	1	21	149
SAM6cb230f208a8	desert	95	128	91	48	191	1	18	195
SAM6cbc10abddb0	inflamed	203	75	163	104	91	130	149	62
SAM6ff654a20f98	excluded	122	56	217	128	70	1	158	14
SAM714285adf612	inflamed	148	153	179	177	26	144	163	1
SAM73b653ae20d1	inflamed	183	241	190	73	120	1	129	138
SAM75142fcab9df	excluded	218	113	193	145	53	11	235	13
SAM7538ad9ff524	inflamed	69	224	108	91	168	1	11	163
SAM75f12d1a55fc	inflamed	205	135	133	197	10	94	228	1
SAM76a431ba6ce1	inflamed	126	94	224	151	49	60	156	10
SAM771445e92421	inflamed	160	95	135	174	29	127	231	1
SAM7746b76437e6	desert	8	27	22	35	238	1	62	211
SAM7829a341b9f3	inflamed	114	39	101	211	150	44	206	47
SAM7a9093b9c7e9	desert	211	90	134	166	36	13	111	212
SAM7aa01fc49a80	excluded	156	114	235	170	33	113	223	4
SAM7d2dfba6cd84	inflamed	191	151	213	190	14	46	176	1
SAM7d7c54623618	excluded	62	7	106	68	208	1	128	140
SAM7edacb3deb65	desert	71	35	84	58	199	23	9	92
SAM7ee2b6e4d6b3	excluded	65	171	115	60	201	1	31	165
SAM7fb7a13c096b	excluded	100	82	140	103	92	1	175	9
SAM80c6183220e6	inflamed	227	104	168	127	71	114	234	3
SAM822b226466a1	desert	31	20	23	26	233	1	8	170
SAM8533e5e261d6	desert	21	2	29	19	226	1	46	205
SAM85e41e7f33f9	inflamed	233	83	172	113	82	55	178	39
SAM85f0a3ac1c45	excluded	14	8	4	13	221	1	27	160
SAM87a8e18eb45b	excluded	25	192	16	8	218	1	57	191
SAM8884fe446d20	inflamed	147	147	228	191	13	77	166	1
SAM8a1b0e02ee42	desert	34	21	7	21	228	1	49	189
SAM8b4b8b0f9e73	excluded	190	125	142	194	11	107	172	1
SAM8e43e9caf307	excluded	49	4	130	7	217	24	2	176
SAM8e8ef2368dfa	desert	103	63	238	140	58	1	84	30
SAM91c47b054ffb	inflamed	170	212	92	114	167	103	193	99
SAM9306c5c92444	inflamed	166	193	14	56	197	68	155	38
SAM943df5cf15df	desert	214	228	202	97	98	1	125	143
SAM94859b440b1d	excluded	48	169	5	1	212	1	65	136
SAM9539a4f19ebc	desert	28	32	109	62	203	1	63	137
SAM957378bd907f	excluded	237	165	159	198	9	129	215	212
SAM961d04c42bd9	excluded	91	206	63	214	148	47	127	120
SAM9725303dce0c	desert	50	178	9	59	200	1	121	6
SAM978a587b207e	excluded	155	65	234	137	61	66	110	114
SAM97a00e0929fb	excluded	150	202	113	71	179	71	137	111
SAM99a46b9eec27	excluded	186	106	194	141	57	118	237	212
SAM99b1f6a9534e	excluded	60	55	73	44	188	1	20	108
SAM9a2cf3c06fb3	inflamed	184	59	229	133	65	64	185	212
SAM9aa6a095a9d6	excluded	159	66	204	89	105	79	182	15
SAM9b9d48b0b02c	inflamed	125	161	6	64	204	50	162	115
SAM9cafb905b36a	inflamed	207	145	164	155	45	142	171	19
SAM9fb814c22bdb	desert	197	148	151	204	5	57	170	1
SAMa1871f491b02	desert	83	162	46	18	225	18	3	187
SAMa1e62d323e1d	inflamed	176	38	184	74	119	91	165	45
SAMa321770ac31c	excluded	96	187	96	28	174	52	4	177
SAMa913c6139ec8	excluded	154	150	198	180	23	135	187	213
SAMaaf505c36f93	excluded	47	181	52	189	159	1	83	135
SAMab8052a03398	inflamed	198	142	156	212	2	1	142	37
SAMaf42c1541269	inflamed	142	127	211	165	37	100	238	1
SAMaf7578d55754	excluded	129	71	196	119	79	83	47	80
SAMaff272833538	excluded	127	69	201	121	77	1	153	27
SAMb0d11db9aa79	inflamed	235	85	81	245	121	80	145	12
SAMb2f1d0e54ece	desert	149	107	144	186	17	102	140	96
SAMb8070b7937e7	desert	43	184	75	84	169	1	105	103
SAMb8101c538753	inflamed	157	57	138	90	104	29	97	157
SAMb8f13a0525a6	excluded	136	208	166	243	123	143	212	36
SAMb963dda93cfd	excluded	90	41	170	88	106	54	199	109
SAMba1a34b5a060	inflamed	153	74	236	94	101	40	209	46
SAMbc8dc3a7b54e	desert	10	31	45	42	245	1	43	202
SAMbd8ee73983b8	excluded	42	133	189	162	162	1	72	173
SAMbda79f955628	inflamed	146	138	205	176	27	139	39	16
SAMbe83eae4026e	excluded	106	236	38	237	128	3	93	144
SAMbf1a3ae828e6	excluded	165	61	239	139	59	74	244	23
SAMbfdffb97c446	excluded	223	73	186	112	83	109	136	34
SAMc0d625a50eb8	desert	56	245	152	160	40	1	70	107
SAMc0da5d48686d	desert	13	159	94	46	190	1	68	209
SAMc0ef41aa6c8b	desert	16	12	95	70	210	1	53	174
SAMc1251c7bfee2	excluded	121	177	99	10	181	1	132	145
SAMc1b27bc16435	excluded	164	235	79	218	145	120	104	61
SAMc57eadb2d82b	desert	2	16	37	29	235	1	12	198
SAMc6eff056c89a	excluded	131	89	111	98	97	1	55	121
SAMc919aebc7fdd	inflamed	213	123	176	143	55	133	150	213
SAMcabb6d58ff55	inflamed	130	84	25	87	107	56	217	28
SAMcb132b0cdd2c	desert	118	131	199	135	63	27	229	1
SAMcc7a42d87e9c	inflamed	120	190	76	115	166	35	91	159
SAMce39dd79b441	inflamed	73	195	98	199	172	1	58	192
SAMcee0fa8c05b4	excluded	174	205	82	150	163	72	181	54
SAMd027124354ce	desert	104	134	174	221	142	1	35	118
SAMd135d5867fe3	excluded	175	112	141	188	15	33	122	22
SAMd2492b2a31bb	desert	180	70	148	172	31	16	138	55
SAMd35318127278	excluded	238	222	12	45	189	117	143	70
SAMd3601288319e	excluded	234	96	242	109	86	1	221	1
SAMd3bd67996035	excluded	202	144	214	147	51	1	230	1
SAMd43f8933066b	inflamed	229	93	208	142	56	51	191	1
SAMd4c0837b0997	excluded	111	182	88	228	173	65	71	77
SAMd5ab7fbfab4e	excluded	204	110	20	111	84	119	190	1
SAMd636e3461955	inflamed	161	129	158	210	3	21	139	1
SAMd86389d0d768	desert	19	5	11	14	222	1	28	206
SAMd98bac0a070f	desert	66	207	127	230	135	1	161	142
SAMdab9ca8fb5de	excluded	98	210	180	75	118	41	164	98
SAMdad5c29dc105	excluded	44	81	60	3	180	1	42	167
SAMdb3f50c9129c	excluded	45	88	226	148	164	1	51	132
SAMdcae54fcd7fa	excluded	158	92	177	122	76	15	188	11
SAMdf3e42c8672a	inflamed	225	60	72	239	126	88	114	119
SAMe07c4560772d	desert	24	24	24	34	237	1	32	153
SAMe1eb5d988760	inflamed	210	97	222	152	48	134	211	25
SAMe3210d3632b4	inflamed	192	108	232	164	38	67	173	79
SAMe41b1e773582	excluded	139	198	68	192	158	73	126	164
SAMe50d15fde368	desert	11	18	41	36	239	1	59	193
SAMe56c96c51190	excluded	216	149	233	193	12	17	224	1
SAMe5bc41772bc9	excluded	40	223	35	233	132	1	52	146
SAMe7bf6c015192	inflamed	144	130	147	138	60	75	219	1
SAMe7e4f7c076a7	inflamed	228	126	220	169	34	86	214	35
SAMe94c30c30616	excluded	177	40	169	83	110	30	131	65
SAMe97af0feefdf	excluded	101	213	67	215	147	1	108	72
SAMe9ae8beb82fa	desert	112	64	221	131	67	1	101	84
SAMeaa477a5384b	inflamed	231	101	102	244	122	76	233	18
SAMeb29625f76a5	excluded	99	185	97	47	175	1	26	168
SAMef0e3d2415fd	inflamed	243	168	153	217	1	138	239	1
SAMf20b827dca51	inflamed	241	158	245	200	8	97	218	1
SAMf2aae1443f67	desert	57	58	15	2	213	1	19	200
SAMf82bbdc267c8	desert	41	29	13	30	236	1	69	185
SAMfb7aec7cb0e2	inflamed	240	98	49	107	88	8	205	50
SAMfed609955db9	desert	58	179	157	234	131	1	130	94
